{
 "metadata": {
  "language_info": {
   "codemirror_mode": {
    "name": "ipython",
    "version": 3
   },
   "file_extension": ".py",
   "mimetype": "text/x-python",
   "name": "python",
   "nbconvert_exporter": "python",
   "pygments_lexer": "ipython3",
   "version": "3.6.9-final"
  },
  "orig_nbformat": 2,
  "kernelspec": {
   "name": "python3",
   "display_name": "Python 3"
  }
 },
 "nbformat": 4,
 "nbformat_minor": 2,
 "cells": [
  {
   "cell_type": "code",
   "execution_count": 68,
   "metadata": {},
   "outputs": [],
   "source": [
    "import os\n",
    "import numpy as np\n",
    "import pandas as pd\n",
    "import plotly.express as px\n",
    "import plotly.graph_objects as go"
   ]
  },
  {
   "cell_type": "code",
   "execution_count": 69,
   "metadata": {},
   "outputs": [],
   "source": [
    "df = pd.read_csv(\"../data/heart.csv\")"
   ]
  },
  {
   "cell_type": "code",
   "execution_count": 70,
   "metadata": {},
   "outputs": [
    {
     "output_type": "execute_result",
     "data": {
      "text/plain": "   age  sex  cp  trestbps  chol  fbs  restecg  thalach  exang  oldpeak  slope  \\\n0   63    1   3       145   233    1        0      150      0      2.3      0   \n1   37    1   2       130   250    0        1      187      0      3.5      0   \n2   41    0   1       130   204    0        0      172      0      1.4      2   \n3   56    1   1       120   236    0        1      178      0      0.8      2   \n4   57    0   0       120   354    0        1      163      1      0.6      2   \n\n   ca  thal  target  \n0   0     1       1  \n1   0     2       1  \n2   0     2       1  \n3   0     2       1  \n4   0     2       1  ",
      "text/html": "<div>\n<style scoped>\n    .dataframe tbody tr th:only-of-type {\n        vertical-align: middle;\n    }\n\n    .dataframe tbody tr th {\n        vertical-align: top;\n    }\n\n    .dataframe thead th {\n        text-align: right;\n    }\n</style>\n<table border=\"1\" class=\"dataframe\">\n  <thead>\n    <tr style=\"text-align: right;\">\n      <th></th>\n      <th>age</th>\n      <th>sex</th>\n      <th>cp</th>\n      <th>trestbps</th>\n      <th>chol</th>\n      <th>fbs</th>\n      <th>restecg</th>\n      <th>thalach</th>\n      <th>exang</th>\n      <th>oldpeak</th>\n      <th>slope</th>\n      <th>ca</th>\n      <th>thal</th>\n      <th>target</th>\n    </tr>\n  </thead>\n  <tbody>\n    <tr>\n      <th>0</th>\n      <td>63</td>\n      <td>1</td>\n      <td>3</td>\n      <td>145</td>\n      <td>233</td>\n      <td>1</td>\n      <td>0</td>\n      <td>150</td>\n      <td>0</td>\n      <td>2.3</td>\n      <td>0</td>\n      <td>0</td>\n      <td>1</td>\n      <td>1</td>\n    </tr>\n    <tr>\n      <th>1</th>\n      <td>37</td>\n      <td>1</td>\n      <td>2</td>\n      <td>130</td>\n      <td>250</td>\n      <td>0</td>\n      <td>1</td>\n      <td>187</td>\n      <td>0</td>\n      <td>3.5</td>\n      <td>0</td>\n      <td>0</td>\n      <td>2</td>\n      <td>1</td>\n    </tr>\n    <tr>\n      <th>2</th>\n      <td>41</td>\n      <td>0</td>\n      <td>1</td>\n      <td>130</td>\n      <td>204</td>\n      <td>0</td>\n      <td>0</td>\n      <td>172</td>\n      <td>0</td>\n      <td>1.4</td>\n      <td>2</td>\n      <td>0</td>\n      <td>2</td>\n      <td>1</td>\n    </tr>\n    <tr>\n      <th>3</th>\n      <td>56</td>\n      <td>1</td>\n      <td>1</td>\n      <td>120</td>\n      <td>236</td>\n      <td>0</td>\n      <td>1</td>\n      <td>178</td>\n      <td>0</td>\n      <td>0.8</td>\n      <td>2</td>\n      <td>0</td>\n      <td>2</td>\n      <td>1</td>\n    </tr>\n    <tr>\n      <th>4</th>\n      <td>57</td>\n      <td>0</td>\n      <td>0</td>\n      <td>120</td>\n      <td>354</td>\n      <td>0</td>\n      <td>1</td>\n      <td>163</td>\n      <td>1</td>\n      <td>0.6</td>\n      <td>2</td>\n      <td>0</td>\n      <td>2</td>\n      <td>1</td>\n    </tr>\n  </tbody>\n</table>\n</div>"
     },
     "metadata": {},
     "execution_count": 70
    }
   ],
   "source": [
    "df.head()"
   ]
  },
  {
   "cell_type": "code",
   "execution_count": 71,
   "metadata": {},
   "outputs": [
    {
     "output_type": "execute_result",
     "data": {
      "text/plain": "              age         sex          cp    trestbps        chol         fbs  \\\ncount  303.000000  303.000000  303.000000  303.000000  303.000000  303.000000   \nmean    54.366337    0.683168    0.966997  131.623762  246.264026    0.148515   \nstd      9.082101    0.466011    1.032052   17.538143   51.830751    0.356198   \nmin     29.000000    0.000000    0.000000   94.000000  126.000000    0.000000   \n25%     47.500000    0.000000    0.000000  120.000000  211.000000    0.000000   \n50%     55.000000    1.000000    1.000000  130.000000  240.000000    0.000000   \n75%     61.000000    1.000000    2.000000  140.000000  274.500000    0.000000   \nmax     77.000000    1.000000    3.000000  200.000000  564.000000    1.000000   \n\n          restecg     thalach       exang     oldpeak       slope          ca  \\\ncount  303.000000  303.000000  303.000000  303.000000  303.000000  303.000000   \nmean     0.528053  149.646865    0.326733    1.039604    1.399340    0.729373   \nstd      0.525860   22.905161    0.469794    1.161075    0.616226    1.022606   \nmin      0.000000   71.000000    0.000000    0.000000    0.000000    0.000000   \n25%      0.000000  133.500000    0.000000    0.000000    1.000000    0.000000   \n50%      1.000000  153.000000    0.000000    0.800000    1.000000    0.000000   \n75%      1.000000  166.000000    1.000000    1.600000    2.000000    1.000000   \nmax      2.000000  202.000000    1.000000    6.200000    2.000000    4.000000   \n\n             thal      target  \ncount  303.000000  303.000000  \nmean     2.313531    0.544554  \nstd      0.612277    0.498835  \nmin      0.000000    0.000000  \n25%      2.000000    0.000000  \n50%      2.000000    1.000000  \n75%      3.000000    1.000000  \nmax      3.000000    1.000000  ",
      "text/html": "<div>\n<style scoped>\n    .dataframe tbody tr th:only-of-type {\n        vertical-align: middle;\n    }\n\n    .dataframe tbody tr th {\n        vertical-align: top;\n    }\n\n    .dataframe thead th {\n        text-align: right;\n    }\n</style>\n<table border=\"1\" class=\"dataframe\">\n  <thead>\n    <tr style=\"text-align: right;\">\n      <th></th>\n      <th>age</th>\n      <th>sex</th>\n      <th>cp</th>\n      <th>trestbps</th>\n      <th>chol</th>\n      <th>fbs</th>\n      <th>restecg</th>\n      <th>thalach</th>\n      <th>exang</th>\n      <th>oldpeak</th>\n      <th>slope</th>\n      <th>ca</th>\n      <th>thal</th>\n      <th>target</th>\n    </tr>\n  </thead>\n  <tbody>\n    <tr>\n      <th>count</th>\n      <td>303.000000</td>\n      <td>303.000000</td>\n      <td>303.000000</td>\n      <td>303.000000</td>\n      <td>303.000000</td>\n      <td>303.000000</td>\n      <td>303.000000</td>\n      <td>303.000000</td>\n      <td>303.000000</td>\n      <td>303.000000</td>\n      <td>303.000000</td>\n      <td>303.000000</td>\n      <td>303.000000</td>\n      <td>303.000000</td>\n    </tr>\n    <tr>\n      <th>mean</th>\n      <td>54.366337</td>\n      <td>0.683168</td>\n      <td>0.966997</td>\n      <td>131.623762</td>\n      <td>246.264026</td>\n      <td>0.148515</td>\n      <td>0.528053</td>\n      <td>149.646865</td>\n      <td>0.326733</td>\n      <td>1.039604</td>\n      <td>1.399340</td>\n      <td>0.729373</td>\n      <td>2.313531</td>\n      <td>0.544554</td>\n    </tr>\n    <tr>\n      <th>std</th>\n      <td>9.082101</td>\n      <td>0.466011</td>\n      <td>1.032052</td>\n      <td>17.538143</td>\n      <td>51.830751</td>\n      <td>0.356198</td>\n      <td>0.525860</td>\n      <td>22.905161</td>\n      <td>0.469794</td>\n      <td>1.161075</td>\n      <td>0.616226</td>\n      <td>1.022606</td>\n      <td>0.612277</td>\n      <td>0.498835</td>\n    </tr>\n    <tr>\n      <th>min</th>\n      <td>29.000000</td>\n      <td>0.000000</td>\n      <td>0.000000</td>\n      <td>94.000000</td>\n      <td>126.000000</td>\n      <td>0.000000</td>\n      <td>0.000000</td>\n      <td>71.000000</td>\n      <td>0.000000</td>\n      <td>0.000000</td>\n      <td>0.000000</td>\n      <td>0.000000</td>\n      <td>0.000000</td>\n      <td>0.000000</td>\n    </tr>\n    <tr>\n      <th>25%</th>\n      <td>47.500000</td>\n      <td>0.000000</td>\n      <td>0.000000</td>\n      <td>120.000000</td>\n      <td>211.000000</td>\n      <td>0.000000</td>\n      <td>0.000000</td>\n      <td>133.500000</td>\n      <td>0.000000</td>\n      <td>0.000000</td>\n      <td>1.000000</td>\n      <td>0.000000</td>\n      <td>2.000000</td>\n      <td>0.000000</td>\n    </tr>\n    <tr>\n      <th>50%</th>\n      <td>55.000000</td>\n      <td>1.000000</td>\n      <td>1.000000</td>\n      <td>130.000000</td>\n      <td>240.000000</td>\n      <td>0.000000</td>\n      <td>1.000000</td>\n      <td>153.000000</td>\n      <td>0.000000</td>\n      <td>0.800000</td>\n      <td>1.000000</td>\n      <td>0.000000</td>\n      <td>2.000000</td>\n      <td>1.000000</td>\n    </tr>\n    <tr>\n      <th>75%</th>\n      <td>61.000000</td>\n      <td>1.000000</td>\n      <td>2.000000</td>\n      <td>140.000000</td>\n      <td>274.500000</td>\n      <td>0.000000</td>\n      <td>1.000000</td>\n      <td>166.000000</td>\n      <td>1.000000</td>\n      <td>1.600000</td>\n      <td>2.000000</td>\n      <td>1.000000</td>\n      <td>3.000000</td>\n      <td>1.000000</td>\n    </tr>\n    <tr>\n      <th>max</th>\n      <td>77.000000</td>\n      <td>1.000000</td>\n      <td>3.000000</td>\n      <td>200.000000</td>\n      <td>564.000000</td>\n      <td>1.000000</td>\n      <td>2.000000</td>\n      <td>202.000000</td>\n      <td>1.000000</td>\n      <td>6.200000</td>\n      <td>2.000000</td>\n      <td>4.000000</td>\n      <td>3.000000</td>\n      <td>1.000000</td>\n    </tr>\n  </tbody>\n</table>\n</div>"
     },
     "metadata": {},
     "execution_count": 71
    }
   ],
   "source": [
    "df.describe()"
   ]
  },
  {
   "cell_type": "code",
   "execution_count": 72,
   "metadata": {
    "tags": []
   },
   "outputs": [
    {
     "output_type": "stream",
     "name": "stdout",
     "text": "<class 'pandas.core.frame.DataFrame'>\nRangeIndex: 303 entries, 0 to 302\nData columns (total 14 columns):\n #   Column    Non-Null Count  Dtype  \n---  ------    --------------  -----  \n 0   age       303 non-null    int64  \n 1   sex       303 non-null    int64  \n 2   cp        303 non-null    int64  \n 3   trestbps  303 non-null    int64  \n 4   chol      303 non-null    int64  \n 5   fbs       303 non-null    int64  \n 6   restecg   303 non-null    int64  \n 7   thalach   303 non-null    int64  \n 8   exang     303 non-null    int64  \n 9   oldpeak   303 non-null    float64\n 10  slope     303 non-null    int64  \n 11  ca        303 non-null    int64  \n 12  thal      303 non-null    int64  \n 13  target    303 non-null    int64  \ndtypes: float64(1), int64(13)\nmemory usage: 33.3 KB\n"
    }
   ],
   "source": [
    "df.info()"
   ]
  },
  {
   "source": [
    "Here is a bit more fleshed out description of each variable:\n",
    "\n",
    "1. **age**: The person's age in years\n",
    "2. **sex**: The person's sex (1 = male, 0 = female)\n",
    "3. **cp**: The chest pain experienced (Value 1: typical angina, Value 2: atypical angina, Value 3: non-anginal pain, Value 4: asymptomatic)\n",
    "4. **trestbps**: The person's resting blood pressure (mm Hg on admission to the hospital)\n",
    "5. **chol**: The person's cholesterol measurement in mg/dl\n",
    "6. **bs**: The person's fasting blood sugar (> 120 mg/dl, 1 = true; 0 = false)\n",
    "7. **restecg**: Resting electrocardiographic measurement (0 = normal, 1 = having ST-T wave abnormality, 2 = showing probable or definite left ventricular hypertrophy by Estes' criteria)\n",
    "8. **thalach**: The person's maximum heart rate achieved\n",
    "9. **exang**: Exercise induced angina (1 = yes; 0 = no)\n",
    "10. **oldpeak**: ST depression induced by exercise relative to rest ('ST' relates to positions on the ECG plot. See more here)\n",
    "11. **slope**: the slope of the peak exercise ST segment (Value 1: upsloping, Value 2: flat, Value 3: downsloping)\n",
    "12. **ca**: The number of major vessels (0-3)\n",
    "13. **thal**: A blood disorder called thalassemia (3 = normal; 6 = fixed defect; 7 = reversable defect)\n",
    "14. **target**: Heart disease (0 = no, 1 = yes)"
   ],
   "cell_type": "markdown",
   "metadata": {}
  },
  {
   "source": [
    "## Feature Engineering and Data Cleaning"
   ],
   "cell_type": "markdown",
   "metadata": {}
  },
  {
   "source": [
    "Let us try to make the column names a bit clearer."
   ],
   "cell_type": "markdown",
   "metadata": {}
  },
  {
   "cell_type": "code",
   "execution_count": 73,
   "metadata": {},
   "outputs": [],
   "source": [
    "df.columns = ['age', 'sex', 'chest_pain_type', 'resting_blood_pressure', 'cholesterol', 'fasting_blood_sugar', 'rest_ecg', 'max_heart_rate_achieved',\n",
    "       'exercise_induced_angina', 'st_depression', 'st_slope', 'num_major_vessels', 'thalassemia', 'target']"
   ]
  },
  {
   "source": [
    "Lets create a function that will up up clean a lot of the data up."
   ],
   "cell_type": "markdown",
   "metadata": {}
  },
  {
   "cell_type": "code",
   "execution_count": 74,
   "metadata": {},
   "outputs": [],
   "source": [
    "def clean_data(df):\n",
    "    df['sex'][df['sex'] == 0] = 'female'\n",
    "    df['sex'][df['sex'] == 1] = 'male'\n",
    "\n",
    "    df['chest_pain_type'][df['chest_pain_type'] == 0] = 'typical angina'\n",
    "    df['chest_pain_type'][df['chest_pain_type'] == 1] = 'atypical angina'\n",
    "    df['chest_pain_type'][df['chest_pain_type'] == 2] = 'non-anginal pain'\n",
    "    df['chest_pain_type'][df['chest_pain_type'] == 3] = 'asymptomatic'\n",
    "\n",
    "    df['fasting_blood_sugar'][df['fasting_blood_sugar'] == 0] = 'lower than 120mg/ml'\n",
    "    df['fasting_blood_sugar'][df['fasting_blood_sugar'] == 1] = 'greater than 120mg/ml'\n",
    "\n",
    "    df['rest_ecg'][df['rest_ecg'] == 0] = 'normal'\n",
    "    df['rest_ecg'][df['rest_ecg'] == 1] = 'ST-T wave abnormality'\n",
    "    df['rest_ecg'][df['rest_ecg'] == 2] = 'left ventricular hypertrophy'\n",
    "\n",
    "    df['exercise_induced_angina'][df['exercise_induced_angina'] == 0] = 'no'\n",
    "    df['exercise_induced_angina'][df['exercise_induced_angina'] == 1] = 'yes'\n",
    "\n",
    "    df['st_slope'][df['st_slope'] == 0] = 'upsloping'\n",
    "    df['st_slope'][df['st_slope'] == 1] = 'flat'\n",
    "    df['st_slope'][df['st_slope'] == 2] = 'downsloping'\n",
    "\n",
    "    df['thalassemia'][df['thalassemia'] == 0] = 'normal'\n",
    "    df['thalassemia'][df['thalassemia'] == 1] = 'fixed defect'\n",
    "    df['thalassemia'][df['thalassemia'] == 2] = 'reversable defect'\n",
    "    df['thalassemia'][df['thalassemia'] == 3] = 'reversable defect'\n",
    "\n",
    "    return df"
   ]
  },
  {
   "cell_type": "code",
   "execution_count": 75,
   "metadata": {},
   "outputs": [],
   "source": [
    "def change_dtypes(df):\n",
    "    df['sex'] = df['sex'].astype('object')\n",
    "    df['chest_pain_type'] = df['chest_pain_type'].astype('object')\n",
    "    df['fasting_blood_sugar'] = df['fasting_blood_sugar'].astype('object')\n",
    "    df['rest_ecg'] = df['rest_ecg'].astype('object')\n",
    "    df['exercise_induced_angina'] = df['exercise_induced_angina'].astype('object')\n",
    "    df['st_slope'] = df['st_slope'].astype('object')\n",
    "    df['thalassemia'] = df['thalassemia'].astype('object')\n",
    "    \n",
    "    return df\n"
   ]
  },
  {
   "cell_type": "code",
   "execution_count": 76,
   "metadata": {},
   "outputs": [],
   "source": [
    "df = clean_data(df)\n",
    "df = change_dtypes(df)"
   ]
  },
  {
   "cell_type": "code",
   "execution_count": 81,
   "metadata": {},
   "outputs": [
    {
     "output_type": "display_data",
     "data": {
      "application/vnd.plotly.v1+json": {
       "config": {
        "plotlyServerURL": "https://plot.ly"
       },
       "data": [
        {
         "type": "heatmap",
         "x": [
          "age",
          "resting_blood_pressure",
          "cholesterol",
          "max_heart_rate_achieved",
          "st_depression",
          "num_major_vessels",
          "target",
          "sex_female",
          "sex_male",
          "chest_pain_type_asymptomatic",
          "chest_pain_type_atypical angina",
          "chest_pain_type_non-anginal pain",
          "chest_pain_type_typical angina",
          "fasting_blood_sugar_greater than 120mg/ml",
          "fasting_blood_sugar_lower than 120mg/ml",
          "rest_ecg_ST-T wave abnormality",
          "rest_ecg_left ventricular hypertrophy",
          "rest_ecg_normal",
          "exercise_induced_angina_no",
          "exercise_induced_angina_yes",
          "st_slope_downsloping",
          "st_slope_flat",
          "st_slope_upsloping",
          "thalassemia_fixed defect",
          "thalassemia_normal",
          "thalassemia_reversable defect"
         ],
         "y": [
          "age",
          "resting_blood_pressure",
          "cholesterol",
          "max_heart_rate_achieved",
          "st_depression",
          "num_major_vessels",
          "target",
          "sex_female",
          "sex_male",
          "chest_pain_type_asymptomatic",
          "chest_pain_type_atypical angina",
          "chest_pain_type_non-anginal pain",
          "chest_pain_type_typical angina",
          "fasting_blood_sugar_greater than 120mg/ml",
          "fasting_blood_sugar_lower than 120mg/ml",
          "rest_ecg_ST-T wave abnormality",
          "rest_ecg_left ventricular hypertrophy",
          "rest_ecg_normal",
          "exercise_induced_angina_no",
          "exercise_induced_angina_yes",
          "st_slope_downsloping",
          "st_slope_flat",
          "st_slope_upsloping",
          "thalassemia_fixed defect",
          "thalassemia_normal",
          "thalassemia_reversable defect"
         ],
         "z": [
          [
           1,
           0.27935090656128847,
           0.21367795655956176,
           -0.39852193812106745,
           0.2100125673586737,
           0.27632624401913874,
           -0.22543871587483694,
           0.09844660247479305,
           -0.09844660247479324,
           0.04751617176103508,
           -0.14739877239280302,
           -0.059432045837974484,
           0.13825268943546828,
           0.12130764809337487,
           -0.12130764809337485,
           -0.16065359886190764,
           0.08462123248001038,
           0.1413984413334205,
           -0.09680082645526768,
           0.09680082645526768,
           -0.19257987778589167,
           0.17720113688991743,
           0.030536426142705082,
           0.06375811784780977,
           -0.016778504424464002,
           -0.05522765302885523
          ],
          [
           0.27935090656128847,
           1,
           0.12317420653239079,
           -0.04669772814795437,
           0.19321647240953663,
           0.10138898530055154,
           -0.14493112849775133,
           0.056768823969643216,
           -0.056768823969643216,
           0.15134349923258977,
           -0.0818506258647675,
           -0.045107125516158836,
           0.021447155795778182,
           0.17753054193446027,
           -0.1775305419344602,
           -0.14657621418616212,
           0.058635085418979875,
           0.1332494517796385,
           -0.06761611953876384,
           0.06761611953876384,
           -0.08747166845544047,
           0.025207406140593164,
           0.12238362201898915,
           0.07636869545832077,
           -0.016870412519441835,
           -0.06720332267871901
          ],
          [
           0.21367795655956176,
           0.12317420653239079,
           1,
           -0.009939838642698234,
           0.05395191998699383,
           0.07051092522607605,
           -0.0852391051375688,
           0.19791217414110648,
           -0.1979121741411065,
           -0.05058908602278095,
           -0.012749604429445591,
           -0.03791823920644918,
           0.07068369106415623,
           0.013293602251671576,
           -0.013293602251671569,
           -0.1743935934874415,
           0.03461491402577306,
           0.16656451572619388,
           -0.06702278257394252,
           0.06702278257394254,
           -0.028053782822087116,
           0.05117665862490042,
           -0.0453398974636695,
           -0.09356021877160617,
           -0.05712656535525758,
           0.10770275668867861
          ],
          [
           -0.39852193812106745,
           -0.04669772814795437,
           -0.009939838642698234,
           1,
           -0.34418694796671623,
           -0.21317692811538974,
           0.4217409338106738,
           0.04401990776957469,
           -0.04401990776957466,
           0.07908154563554232,
           0.24831716786725405,
           0.16547534840832503,
           -0.3765605017265266,
           -0.008567107343486847,
           0.008567107343486851,
           0.10151206355467322,
           -0.12087036059734269,
           -0.07395280210073668,
           0.37881209385148623,
           -0.37881209385148623,
           0.44804280901444077,
           -0.4196267684443727,
           -0.05659011126119466,
           -0.1597481605657518,
           -0.050428545423696555,
           0.16853121707400454
          ],
          [
           0.2100125673586737,
           0.19321647240953663,
           0.05395191998699383,
           -0.34418694796671623,
           1,
           0.22268232182782358,
           -0.4306960016873676,
           -0.09609287706773857,
           0.09609287706773856,
           0.0869591547169415,
           -0.27751293923915343,
           -0.13244367601403387,
           0.2802431140501154,
           0.0057472234596442845,
           -0.005747223459644279,
           -0.13848646426356714,
           0.16817209369380187,
           0.10014088742526912,
           -0.28822280778276516,
           0.28822280778276527,
           -0.5113563128066397,
           0.3109861559633351,
           0.3942529415207508,
           0.1046345556208728,
           -0.03794586340304497,
           -0.08723993378930668
          ],
          [
           0.27632624401913874,
           0.10138898530055154,
           0.07051092522607605,
           -0.21317692811538974,
           0.22268232182782358,
           1,
           -0.3917239923512518,
           -0.11826141332035961,
           0.11826141332035968,
           -0.07049557183284033,
           -0.13471514207715912,
           -0.08899838311808649,
           0.21822624951251615,
           0.13797932702785168,
           -0.13797932702785157,
           -0.08964150444088238,
           0.030660199513874477,
           0.08267862647192863,
           -0.11573937807050598,
           0.11573937807050595,
           -0.12030578954736802,
           0.14192320829983815,
           -0.042218090151316195,
           0.06661843064501297,
           -0.05823589394114108,
           -0.044430279559656644
          ],
          [
           -0.22543871587483694,
           -0.14493112849775133,
           -0.0852391051375688,
           0.4217409338106738,
           -0.4306960016873676,
           -0.3917239923512518,
           1,
           0.28093657550176626,
           -0.2809365755017663,
           0.08695687464637529,
           0.24587909539147865,
           0.31674215819553964,
           -0.5160146415680585,
           -0.028045760272712838,
           0.02804576027271273,
           0.1753218036728144,
           -0.06841023951783172,
           -0.1597751930975346,
           0.4367570833532994,
           -0.4367570833532994,
           0.3940663689190665,
           -0.36205329955881876,
           -0.06355367152221462,
           -0.10658897385508165,
           -0.007292627036773135,
           0.10385420227867664
          ],
          [
           0.09844660247479305,
           0.056768823969643216,
           0.19791217414110648,
           0.04401990776957469,
           -0.09609287706773857,
           -0.11826141332035961,
           0.28093657550176626,
           1,
           -1,
           -0.08804315875513909,
           0.04124883586776297,
           0.11658801296577444,
           -0.08962143381952897,
           -0.04503178919356057,
           0.04503178919356074,
           0.01194013187777638,
           0.10768939183440436,
           -0.03653867940743156,
           0.1416638109915053,
           -0.14166381099150527,
           0.014356333120340806,
           0.0091570587821368,
           -0.046183063195279456,
           -0.1411352160932388,
           0.03209252911742678,
           0.12389858896376314
          ],
          [
           -0.09844660247479324,
           -0.056768823969643216,
           -0.1979121741411065,
           -0.04401990776957466,
           0.09609287706773856,
           0.11826141332035968,
           -0.2809365755017663,
           -1,
           1,
           0.08804315875513904,
           -0.04124883586776283,
           -0.1165880129657744,
           0.089621433819529,
           0.04503178919356075,
           -0.04503178919356074,
           -0.011940131877776344,
           -0.10768939183440439,
           0.03653867940743159,
           -0.14166381099150527,
           0.1416638109915054,
           -0.01435633312034077,
           -0.009157058782136776,
           0.046183063195279414,
           0.1411352160932388,
           -0.0320925291174268,
           -0.12389858896376317
          ],
          [
           0.04751617176103508,
           0.15134349923258977,
           -0.05058908602278095,
           0.07908154563554232,
           0.0869591547169415,
           -0.07049557183284033,
           0.08695687464637529,
           -0.08804315875513909,
           0.08804315875513904,
           1,
           -0.1274117978594047,
           -0.18189369824245563,
           -0.2709523547995633,
           0.055511401716629036,
           -0.05551140171662902,
           -0.06325183633230373,
           -0.03314967720658969,
           0.07084990156886072,
           0.0933843269600599,
           -0.09338432696005973,
           -0.04442103991026056,
           0.009321325843231141,
           0.06898147300518573,
           0.03340408748810696,
           -0.023362356799666723,
           -0.02418252840159183
          ],
          [
           -0.14739877239280302,
           -0.0818506258647675,
           -0.012749604429445591,
           0.24831716786725405,
           -0.27751293923915343,
           -0.13471514207715912,
           0.24587909539147865,
           0.04124883586776297,
           -0.04124883586776283,
           -0.1274117978594047,
           1,
           -0.2821353422375161,
           -0.420274237590896,
           -0.06064932426457921,
           0.060649324264579314,
           0.10522641128950012,
           -0.05141846921644195,
           -0.0935297011116838,
           0.2338629120938871,
           -0.23386291209388718,
           0.2239208668666441,
           -0.1979943987769535,
           -0.05129836293175103,
           -0.03649584177626108,
           -0.03623735508617245,
           0.046563191898925785
          ],
          [
           -0.059432045837974484,
           -0.045107125516158836,
           -0.03791823920644918,
           0.16547534840832503,
           -0.13244367601403387,
           -0.08899838311808649,
           0.31674215819553964,
           0.11658801296577444,
           -0.1165880129657744,
           -0.18189369824245563,
           -0.2821353422375161,
           1,
           -0.5999855322329769,
           0.08367888004841806,
           -0.08367888004841803,
           0.09273838173607445,
           -0.009492058848250044,
           -0.09061108423357654,
           0.2710283615375004,
           -0.2710283615375004,
           0.12027591414855275,
           -0.10532011960970096,
           -0.029575622247600367,
           -0.09777460015490885,
           0.03835349651763957,
           0.08057611173060307
          ],
          [
           0.13825268943546828,
           0.021447155795778182,
           0.07068369106415623,
           -0.3765605017265266,
           0.2802431140501154,
           0.21822624951251615,
           -0.5160146415680585,
           -0.08962143381952897,
           0.089621433819529,
           -0.2709523547995633,
           -0.420274237590896,
           -0.5999855322329769,
           1,
           -0.06019007541179717,
           0.06019007541179715,
           -0.12873117647747048,
           0.0644223111366112,
           0.11407498835616942,
           -0.469060731080137,
           0.4690607310801369,
           -0.2519347840552018,
           0.2377244937271781,
           0.0283499128576566,
           0.0980252196523481,
           0.004580603131869564,
           -0.0948167836104146
          ],
          [
           0.12130764809337487,
           0.17753054193446027,
           0.013293602251671576,
           -0.008567107343486847,
           0.0057472234596442845,
           0.13797932702785168,
           -0.028045760272712838,
           -0.04503178919356057,
           0.04503178919356075,
           0.055511401716629036,
           -0.06064932426457921,
           0.08367888004841806,
           -0.06019007541179717,
           1,
           -1.0000000000000004,
           -0.0663440651934715,
           -0.04830485751502995,
           0.07740451149704577,
           -0.02566514720212618,
           0.025665147202126145,
           -0.020255395141415958,
           -0.033359989070315725,
           0.10528437716678937,
           0.09135121428178333,
           0.08056849439458806,
           -0.1132448225882483
          ],
          [
           -0.12130764809337485,
           -0.1775305419344602,
           -0.013293602251671569,
           0.008567107343486851,
           -0.005747223459644279,
           -0.13797932702785157,
           0.02804576027271273,
           0.04503178919356074,
           -0.04503178919356074,
           -0.05551140171662902,
           0.060649324264579314,
           -0.08367888004841803,
           0.06019007541179715,
           -1.0000000000000004,
           1,
           0.06634406519347151,
           0.04830485751502994,
           -0.07740451149704576,
           0.025665147202126017,
           -0.025665147202126117,
           0.020255395141415892,
           0.033359989070315704,
           -0.1052843771667893,
           -0.09135121428178329,
           -0.08056849439458803,
           0.11324482258824825
          ],
          [
           -0.16065359886190764,
           -0.14657621418616212,
           -0.1743935934874415,
           0.10151206355467322,
           -0.13848646426356714,
           -0.08964150444088238,
           0.1753218036728144,
           0.01194013187777638,
           -0.011940131877776344,
           -0.06325183633230373,
           0.10522641128950012,
           0.09273838173607445,
           -0.12873117647747048,
           -0.0663440651934715,
           0.06634406519347151,
           1,
           -0.1160453444159621,
           -0.9739343615465682,
           0.09377635979490453,
           -0.0937763597949046,
           0.15562958392221912,
           -0.12221496246169981,
           -0.0658744118776687,
           -0.056676910120358186,
           -0.0002690242855755685,
           0.05404583474326831
          ],
          [
           0.08462123248001038,
           0.058635085418979875,
           0.03461491402577306,
           -0.12087036059734269,
           0.16817209369380187,
           0.030660199513874477,
           -0.06841023951783172,
           0.10768939183440436,
           -0.10768939183440439,
           -0.03314967720658969,
           -0.05141846921644195,
           -0.009492058848250044,
           0.0644223111366112,
           -0.04830485751502995,
           0.04830485751502994,
           -0.1160453444159621,
           1,
           -0.11227699218457875,
           -0.042728832239197455,
           0.042728832239197434,
           -0.10862396106871423,
           0.0668039307397779,
           0.08228948104756574,
           0.09325834574883965,
           -0.009428142794537202,
           -0.08570991366243715
          ],
          [
           0.1413984413334205,
           0.1332494517796385,
           0.16656451572619388,
           -0.07395280210073668,
           0.10014088742526912,
           0.08267862647192863,
           -0.1597751930975346,
           -0.03653867940743156,
           0.03653867940743159,
           0.07084990156886072,
           -0.0935297011116838,
           -0.09061108423357654,
           0.11407498835616942,
           0.07740451149704577,
           -0.07740451149704576,
           -0.9739343615465682,
           -0.11227699218457875,
           1,
           -0.0840591355143343,
           0.08405913551433437,
           -0.13089066259148766,
           0.10701203597592605,
           0.04711044172591512,
           0.03540393830386407,
           0.002422274165374875,
           -0.034495573388953836
          ],
          [
           -0.09680082645526768,
           -0.06761611953876384,
           -0.06702278257394252,
           0.37881209385148623,
           -0.28822280778276516,
           -0.11573937807050598,
           0.4367570833532994,
           0.1416638109915053,
           -0.14166381099150527,
           0.0933843269600599,
           0.2338629120938871,
           0.2710283615375004,
           -0.469060731080137,
           -0.02566514720212618,
           0.025665147202126017,
           0.09377635979490453,
           -0.042728832239197455,
           -0.0840591355143343,
           1,
           -1,
           0.28760649129289156,
           -0.2576865021334315,
           -0.059252697062074144,
           -0.063073025598792,
           -0.030113301501674516,
           0.06986822420403206
          ],
          [
           0.09680082645526768,
           0.06761611953876384,
           0.06702278257394254,
           -0.37881209385148623,
           0.28822280778276527,
           0.11573937807050595,
           -0.4367570833532994,
           -0.14166381099150527,
           0.1416638109915054,
           -0.09338432696005973,
           -0.23386291209388718,
           -0.2710283615375004,
           0.4690607310801369,
           0.025665147202126145,
           -0.025665147202126117,
           -0.0937763597949046,
           0.042728832239197434,
           0.08405913551433437,
           -1,
           1,
           -0.28760649129289156,
           0.2576865021334315,
           0.05925269706207413,
           0.06307302559879197,
           0.030113301501674503,
           -0.06986822420403202
          ],
          [
           -0.19257987778589167,
           -0.08747166845544047,
           -0.028053782822087116,
           0.44804280901444077,
           -0.5113563128066397,
           -0.12030578954736802,
           0.3940663689190665,
           0.014356333120340806,
           -0.01435633312034077,
           -0.04442103991026056,
           0.2239208668666441,
           0.12027591414855275,
           -0.2519347840552018,
           -0.020255395141415958,
           0.020255395141415892,
           0.15562958392221912,
           -0.10862396106871423,
           -0.13089066259148766,
           0.28760649129289156,
           -0.28760649129289156,
           1,
           -0.8703650629236371,
           -0.2562809512906697,
           -0.18006065208564936,
           0.005121512595355765,
           0.16975280057224454
          ],
          [
           0.17720113688991743,
           0.025207406140593164,
           0.05117665862490042,
           -0.4196267684443727,
           0.3109861559633351,
           0.14192320829983815,
           -0.36205329955881876,
           0.0091570587821368,
           -0.009157058782136776,
           0.009321325843231141,
           -0.1979943987769535,
           -0.10532011960970096,
           0.2377244937271781,
           -0.033359989070315725,
           0.033359989070315704,
           -0.12221496246169981,
           0.0668039307397779,
           0.10701203597592605,
           -0.2576865021334315,
           0.2576865021334315,
           -0.8703650629236371,
           1,
           -0.252903773195024,
           0.13114927461645207,
           0.006205428419730738,
           -0.1268817689268324
          ],
          [
           0.030536426142705082,
           0.12238362201898915,
           -0.0453398974636695,
           -0.05659011126119466,
           0.3942529415207508,
           -0.042218090151316195,
           -0.06355367152221462,
           -0.046183063195279456,
           0.046183063195279414,
           0.06898147300518573,
           -0.05129836293175103,
           -0.029575622247600367,
           0.0283499128576566,
           0.10528437716678937,
           -0.1052843771667893,
           -0.0658744118776687,
           0.08228948104756574,
           0.04711044172591512,
           -0.059252697062074144,
           0.05925269706207413,
           -0.2562809512906697,
           -0.252903773195024,
           1,
           0.09633888974655175,
           -0.02224420266500634,
           -0.08446298816504229
          ],
          [
           0.06375811784780977,
           0.07636869545832077,
           -0.09356021877160617,
           -0.1597481605657518,
           0.1046345556208728,
           0.06661843064501297,
           -0.10658897385508165,
           -0.1411352160932388,
           0.1411352160932388,
           0.03340408748810696,
           -0.03649584177626108,
           -0.09777460015490885,
           0.0980252196523481,
           0.09135121428178333,
           -0.09135121428178329,
           -0.056676910120358186,
           0.09325834574883965,
           0.03540393830386407,
           -0.063073025598792,
           0.06307302559879197,
           -0.18006065208564936,
           0.13114927461645207,
           0.09633888974655175,
           1,
           -0.020485453024691767,
           -0.9453487242950687
          ],
          [
           -0.016778504424464002,
           -0.016870412519441835,
           -0.05712656535525758,
           -0.050428545423696555,
           -0.03794586340304497,
           -0.05823589394114108,
           -0.007292627036773135,
           0.03209252911742678,
           -0.0320925291174268,
           -0.023362356799666723,
           -0.03623735508617245,
           0.03835349651763957,
           0.004580603131869564,
           0.08056849439458806,
           -0.08056849439458803,
           -0.0002690242855755685,
           -0.009428142794537202,
           0.002422274165374875,
           -0.030113301501674516,
           0.030113301501674503,
           0.005121512595355765,
           0.006205428419730738,
           -0.02224420266500634,
           -0.020485453024691767,
           1,
           -0.3066267006554002
          ],
          [
           -0.05522765302885523,
           -0.06720332267871901,
           0.10770275668867861,
           0.16853121707400454,
           -0.08723993378930668,
           -0.044430279559656644,
           0.10385420227867664,
           0.12389858896376314,
           -0.12389858896376317,
           -0.02418252840159183,
           0.046563191898925785,
           0.08057611173060307,
           -0.0948167836104146,
           -0.1132448225882483,
           0.11324482258824825,
           0.05404583474326831,
           -0.08570991366243715,
           -0.034495573388953836,
           0.06986822420403206,
